1	5011.029923	49.935525	1.000000	0.00000000001455191523	1.17999999999999993783
2	10024.774972	99.634994	1.000000	0.00000000001091393642	1.13999999999999990230
3	15045.503043	150.064862	1.000000	0.00000000000363797881	1.12666666666666670515
4	20057.936066	200.094132	1.000000	0.00000000007275957614	1.01249999999999995559
5	25073.151367	249.732583	1.000000	0.00000000015643308870	1.04600000000000004086
6	30098.407912	299.298034	1.000000	0.00000000012732925825	1.06166666666666675845
7	35117.082801	349.955981	1.000000	0.00000000004365574569	1.00000000000000000000
8	40122.026805	400.424425	1.000000	0.00000000016007106751	1.02750000000000007994
9	45126.487161	450.189419	1.000000	0.00000000039290171117	1.09777777777777774126
10	50127.760977	500.856890	1.000000	0.00000000050204107538	1.00000000000000000000
11	55127.787598	550.707143	1.000000	0.00000000075669959188	1.02000000000000001776
12	60120.067067	600.575072	1.000000	0.00000000045838532969	1.02666666666666661634
13	65112.557647	651.010398	1.000000	0.00000000007275957614	1.06615384615384622968
14	70110.951768	700.369127	1.000000	0.00000000093132257462	1.02928571428571435931
15	75105.608442	751.416764	1.000000	0.00000000030559021980	1.06866666666666665364
16	80090.497925	801.265549	1.000000	0.00000000072759576142	1.00187500000000007105
17	85079.163476	851.006889	1.000000	0.00000000055297277868	1.01470588235294112422
18	90068.767545	901.814944	1.000000	0.00000000027648638934	1.01944444444444437536
19	95049.555004	951.492113	1.000000	0.00000000094587448984	1.02789473684210519444
20	100031.714640	1001.689461	1.000000	0.00000000008731149137	1.00400000000000000355
21	105011.229423	1051.644691	1.000000	0.00000000046566128731	1.01047619047619052779
22	109992.081161	1101.377634	1.000000	0.00000000116415321827	1.01454545454545463912
23	114974.447470	1151.772596	1.000000	0.00000000148429535329	1.02173913043478270524
24	119957.351585	1201.250261	1.000000	0.00000000136788003147	1.00208333333333343695
25	124943.329762	1251.240088	1.000000	0.00000000307045411319	1.01079999999999992077
26	129931.859651	1300.273798	1.000000	0.00000000283762346953	1.01730769230769224620
27	134924.967895	1349.879623	1.000000	0.00000000247382558882	1.00000000000000000000
28	139918.809856	1400.113173	1.000000	0.00000000125146470964	1.00499999999999989342
29	144910.990227	1449.974887	1.000000	0.00000000093132257462	1.00827586206896557819
30	149903.263785	1500.062681	1.000000	0.00000000014551915228	1.04299999999999992717
31	154898.680530	1549.621650	1.000000	0.00000000081490725279	1.00935483870967734887
32	159893.780935	1600.463251	1.000000	0.00000000064028427005	1.01218750000000001776
33	164882.928469	1651.155913	1.000000	0.00000000075669959188	1.00060606060606049894
34	169866.358178	1701.596333	1.000000	0.00000000314321368933	1.01647058823529401472
35	174851.457808	1751.582349	1.000000	0.00000000299769453704	1.00314285714285711393
36	179836.631963	1801.503939	1.000000	0.00000000398722477257	1.00916666666666676733
37	184822.940212	1851.301562	1.000000	0.00000000424915924668	1.02243243243243253637
38	189809.623787	1900.436776	1.000000	0.00000000782893039286	1.01000000000000000888
39	194799.263527	1950.418155	1.000000	0.00000000942964106798	1.01333333333333341919
40	199789.715365	1999.826987	1.000000	0.00000000934232957661	1.00174999999999991829
41	204783.676044	2049.706493	1.000000	0.00000000823638401926	1.00414634146341463783
42	209777.416210	2099.839004	1.000000	0.00000000873114913702	1.01023809523809515731
43	214770.763023	2149.497212	1.000000	0.00000000814907252789	1.01232558139534889463
44	219765.811233	2199.152536	1.000000	0.00000000951695255935	1.00181818181818171887
45	224761.512493	2248.949502	1.000000	0.00000001015723682940	1.01466666666666660568
46	229758.327165	2298.547662	1.000000	0.00000001085572876036	1.02521739130434785814
47	234756.468075	2348.699052	1.000000	0.00000001207808963954	1.00340425531914889667
48	239752.886824	2398.823233	1.000000	0.00000001071020960808	1.02520833333333327708
49	244750.286207	2448.242331	1.000000	0.00000000977888703346	1.00428571428571422608
50	249749.621823	2498.570604	1.000000	0.00000000817817635834	1.02519999999999988916
51	254746.170462	2548.811075	1.000000	0.00000001001171767712	1.00509803921568630081
52	259742.434470	2599.589002	1.000000	0.00000000963336788118	1.00846153846153852029
53	264737.095536	2649.250424	1.000000	0.00000000715954229236	1.01018867924528299440
54	269734.067207	2698.655017	1.000000	0.00000000552972778678	1.00166666666666670515
55	274731.384853	2749.133275	1.000000	0.00000000593718141317	1.01072727272727269643
56	279726.775681	2799.382290	1.000000	0.00000000756699591875	1.00321428571428561405
57	284721.601508	2849.005390	1.000000	0.00000000977888703346	1.00561403508771940452
58	289717.368468	2898.893028	1.000000	0.00000001012813299894	1.01413793103448268695
59	294715.172269	2948.141099	1.000000	0.00000001111766323447	1.00627118644067792275
60	299714.117162	2998.000598	1.000000	0.00000001071020960808	1.00333333333333341031
61	304714.171034	3047.226633	1.000000	0.00000001164153218269	1.01213114754098354453
62	309715.147637	3097.551160	1.000000	0.00000000972067937255	1.02000000000000001776
63	314716.398613	3147.089055	1.000000	0.00000001059379428625	1.00380952380952370717
64	319718.740873	3197.222378	1.000000	0.00000001105945557356	1.02140625000000007105
65	324719.656939	3247.771175	1.000000	0.00000001140870153904	1.00569230769230766320
66	329720.524484	3297.729884	1.000000	0.00000000844011083245	1.00121212121212121993
67	334721.372167	3347.833321	1.000000	0.00000000908039510250	1.00268656716417914332
68	339722.620865	3396.716701	1.000000	0.00000000768341124058	1.01000000000000000888
69	344725.604553	3446.746526	1.000000	0.00000000227009877563	1.00333333333333341031
70	349728.394189	3496.824359	1.000000	0.00000000104773789644	1.00528571428571433799
71	354730.149923	3547.426409	1.000000	0.00000000157160684466	1.00000000000000000000
72	359732.485925	3596.270952	1.000000	0.00000000186264514923	1.00694444444444441977
73	364734.879941	3647.233887	1.000000	0.00000000139698386192	1.01369863013698635612
74	369736.846514	3697.153631	1.000000	0.00000000186264514923	1.00000000000000000000
75	374738.376368	3747.143946	1.000000	0.00000000529689714313	1.00186666666666668313
76	379739.584817	3797.265942	1.000000	0.00000000442378222942	1.00421052631578944236
77	384741.256699	3847.217708	1.000000	0.00000000011641532183	1.00545454545454537865
78	389742.538862	3897.660248	1.000000	0.00000000209547579288	1.00064102564102563875
79	394743.274816	3947.542680	1.000000	0.00000000197906047106	1.00696202531645573330
80	399743.850076	3997.743329	1.000000	0.00000000162981450558	1.01312500000000005329
81	404744.381563	4047.468800	1.000000	0.00000000227009877563	1.00061728395061733110
82	409746.440652	4096.470263	1.000000	0.00000000122236087918	1.01439024390243903717
83	414750.503276	4146.046424	1.000000	0.00000000401632860303	1.00216867469879522545
84	419755.665462	4195.833366	1.000000	0.00000000320142135024	1.00809523809523815530
85	424760.352792	4246.064954	1.000000	0.00000000395812094212	1.00270588235294111357
86	429765.160759	4295.533810	1.000000	0.00000000296859070659	1.00430232558139542753
87	434771.155021	4345.513819	1.000000	0.00000000407453626394	1.00586206896551733081
88	439777.514362	4394.628989	1.000000	0.00000000261934474111	1.00068181818181822784
89	444784.808874	4445.016264	1.000000	0.00000000122236087918	1.00224719101123604936
90	449791.513883	4494.898562	1.000000	0.00000000628642737865	1.01433333333333330906
91	454798.007333	4544.818677	1.000000	0.00000000669388100505	1.00318681318681313108
92	459804.822601	4594.851807	1.000000	0.00000000395812094212	1.01543478260869557417
93	464810.141431	4645.454005	1.000000	0.00000000454019755125	1.00451612903225795392
94	469815.922826	4694.917737	1.000000	0.00000000913860276341	1.00010638297872334057
95	474823.162560	4744.625710	1.000000	0.00000000803265720606	1.00242105263157887940
96	479830.786409	4794.821629	1.000000	0.00000001164153218269	1.00343749999999998224
97	484837.331440	4845.316269	1.000000	0.00000000931322574615	1.00525773195876277910
98	489841.669547	4896.513051	1.000000	0.00000001041917130351	1.00102040816326520734
99	494844.660164	4946.657810	1.000000	0.00000001129228621721	1.00606060606060609963
100	499847.476096	4996.466182	1.000000	0.00000000820728018880	1.00229999999999996874
101	504849.993165	5046.920895	1.000000	0.00000001030275598168	1.01425742574257427009
102	509851.638246	5097.646784	1.000000	0.00000000873114913702	1.00431372549019615192
103	514852.824674	5147.248931	1.000000	0.00000000413274392486	1.00029126213592234329
104	519854.793774	5196.948877	1.000000	0.00000000331783667207	1.00124999999999997335
105	524856.627548	5247.511775	1.000000	0.00000000011641532183	1.00371428571428578103
106	529857.230138	5297.847596	1.000000	0.00000000093132257462	1.00877358490566026994
107	534858.332507	5347.084143	1.000000	0.00000000279396772385	1.00448598130841126874
108	539860.764327	5396.738773	1.000000	0.00000000395812094212	1.00064814814814817545
109	544863.390028	5446.839941	1.000000	0.00000000116415321827	1.00559633027522932203
110	549865.159763	5497.177355	1.000000	0.00000000221189111471	1.00145454545454537509
111	554866.737863	5546.953320	1.000000	0.00000000500585883856	1.01090090090090090058
112	559868.633118	5596.997237	1.000000	0.00000000756699591875	1.00187500000000007105
113	564870.306245	5647.133859	1.000000	0.00000000232830643654	1.01185840707964591623
114	569872.256548	5696.563868	1.000000	0.00000000302679836750	1.00298245614035086426
115	574874.957468	5746.436010	1.000000	0.00000000360887497663	1.00417391304347836112
116	579878.381903	5795.551300	1.000000	0.00000000384170562029	1.00025862068965509799
117	584882.162151	5846.283235	1.000000	0.00000000384170562029	1.00247863247863255864
118	589884.989414	5896.651143	1.000000	0.00000000570435076952	1.00330508474576274303
119	594887.779922	5946.394305	1.000000	0.00000000419095158577	1.00016806722689066689
120	599889.747518	5997.622980	1.000000	0.00000000046566128731	1.00133333333333340853
121	604890.428482	6047.669761	1.000000	0.00000000197906047106	1.00314049586776854461
122	609890.464245	6097.870004	1.000000	0.00000000500585883856	1.00426229508196729334
123	614890.802877	6148.203235	1.000000	0.00000000372529029846	1.00829268292682927566
124	619890.817921	6198.118419	1.000000	0.00000000093132257462	1.00016129032258072051
125	624891.789276	6247.028791	1.000000	0.00000000349245965481	1.00415999999999994152
126	629893.327195	6297.338946	1.000000	0.00000000058207660913	1.00055555555555564240
127	634894.586916	6346.991795	1.000000	0.00000000267755240202	1.00196850393700787052
128	639895.993181	6397.230680	1.000000	0.00000000279396772385	1.00273437499999995559
129	644897.491118	6446.810982	1.000000	0.00000000896397978067	1.00348837209302321760
130	649899.242866	6497.108267	1.000000	0.00000001268927007914	1.00823076923076926370
131	654900.832689	6546.369790	1.000000	0.00000001385342329741	1.00053435114503819214
132	659903.401205	6596.485370	1.000000	0.00000002083834260702	1.00159090909090919830
133	664905.244065	6647.493029	1.000000	0.00000002875458449125	1.00263157894736831821
134	669905.524735	6697.830644	1.000000	0.00000002339947968721	1.00664179104477602422
135	674905.610697	6748.201335	1.000000	0.00000002945307642221	1.00325925925925929505
136	679905.803310	6797.508601	1.000000	0.00000002293381839991	1.00022058823529413907
137	684906.342916	6846.839456	1.000000	0.00000002922024577856	1.00846715328467162465
138	689907.761965	6896.828654	1.000000	0.00000002700835466385	1.00115942028985505097
139	694909.774897	6946.853765	1.000000	0.00000003539025783539	1.00215827338129503943
140	699911.992370	6996.431295	1.000000	0.00000004121102392673	1.00285714285714289140
141	704914.095707	7046.831995	1.000000	0.00000003364402800798	1.01028368794326239843
142	709915.553930	7096.706676	1.000000	0.00000003166496753693	1.00316901408450709354
143	714917.775682	7146.229313	1.000000	0.00000003189779818058	1.00000000000000000000
144	719920.260447	7196.069316	1.000000	0.00000003760214895010	1.00097222222222215215
145	724922.222944	7247.183022	1.000000	0.00000003760214895010	1.00193103448275855349
146	729923.556755	7297.011478	1.000000	0.00000003189779818058	1.00260273972602731440
147	734923.957994	7347.954937	1.000000	0.00000002013985067606	1.00326530612244901874
148	739923.450352	7398.579629	1.000000	0.00000002130400389433	1.00020270270270272839
149	744922.007711	7449.545057	1.000000	0.00000001722946763039	1.00140939597315425935
150	749920.013822	7499.020162	1.000000	0.00000000454019755125	1.00259999999999993570
151	754918.995798	7548.855009	1.000000	0.00000001268927007914	1.00324503311258284022
152	759917.735979	7599.102369	1.000000	0.00000001420266926289	1.00026315789473674300
153	764915.519423	7649.860181	1.000000	0.00000001280568540096	1.00117647058823533435
154	769913.062733	7699.880616	1.000000	0.00000001501757651567	1.00181818181818171887
155	774910.443384	7749.729412	1.000000	0.00000000849831849337	1.00270967741935490558
156	779907.745481	7799.932447	1.000000	0.00000001792795956135	1.00333333333333341031
157	784905.208672	7849.782066	1.000000	0.00000000523868948221	1.00044585987261136495
158	789902.259608	7900.112612	1.000000	0.00000000908039510250	1.00234177215189879107
159	794899.843533	7949.583405	1.000000	0.00000000407453626394	1.00000000000000000000
160	799897.441376	7999.369383	1.000000	0.00000000675208866596	1.00312500000000004441
161	804895.317826	8049.373146	1.000000	0.00000000582076609135	1.00055900621118021299
162	809893.368878	8099.143667	1.000000	0.00000000477302819490	1.00117283950617275146
163	814891.650059	8148.711533	1.000000	0.00000000593718141317	1.00202453987730066842
164	819890.501715	8198.555079	1.000000	0.00000000337604433298	1.00506097560975615757
165	824889.892522	8248.204077	1.000000	0.00000000069849193096	1.00230303030303025125
166	829888.547765	8299.090455	1.000000	0.00000000582076609135	1.00289156626506015257
167	834886.827925	8349.273244	1.000000	0.00000000849831849337	1.00017964071856280128
168	839885.244699	8398.637482	1.000000	0.00000000803265720606	1.00315476190476182694
169	844884.142942	8448.661458	1.000000	0.00000000838190317154	1.00071005917159761012
170	849882.552137	8499.210486	1.000000	0.00000000826548784971	1.00688235294117656160
171	854881.110945	8548.756117	1.000000	0.00000000768341124058	1.00099415204678354741
172	859879.145163	8599.086420	1.000000	0.00000001164153218269	1.00203488372093030279
173	864877.177562	8648.871763	1.000000	0.00000000605359673500	1.00491329479768776167
174	869875.535562	8699.000327	1.000000	0.00000000558793544769	1.00775862068965516016
175	874873.853489	8748.638550	1.000000	0.00000000419095158577	1.00200000000000000178
176	879872.254683	8798.962519	1.000000	0.00000000395812094212	1.00278409090909081947
177	884870.397389	8848.908949	1.000000	0.00000000686850398779	1.00045197740113001039
178	889868.744662	8898.727441	1.000000	0.00000000745058059692	1.00325842696629208284
179	894867.303191	8948.588045	1.000000	0.00000000279396772385	1.00094972067039100772
180	899866.483092	8997.620107	1.000000	0.00000000244472175837	1.00677777777777777146
181	904866.743423	9046.793099	1.000000	0.00000000349245965481	1.00121546961325957881
182	909867.056653	9097.106064	1.000000	0.00000000884756445885	1.00263736263736258358
183	914866.906615	9147.029599	1.000000	0.00000000291038304567	1.00535519125683059372
184	919867.128594	9197.221724	1.000000	0.00000000093132257462	1.00010869565217386246
185	924866.571917	9248.430759	1.000000	0.00000000477302819490	1.00108108108108107004
186	929865.220678	9298.497232	1.000000	0.00000000209547579288	1.00161290322580653900
187	934863.934858	9348.779330	1.000000	0.00000000302679836750	1.00005347593582882837
188	939862.374214	9398.768723	1.000000	0.00000000908039510250	1.00101063829787229054
189	944860.869483	9448.948657	1.000000	0.00000001222360879183	1.00174603174603182865
190	949859.495838	9498.165041	1.000000	0.00000001280568540096	1.00000000000000000000
191	954858.541968	9548.065525	1.000000	0.00000001594889909029	1.00073298429319379466
192	959857.761677	9597.527887	1.000000	0.00000002712476998568	1.00661458333333331261
193	964857.219567	9647.477482	1.000000	0.00000002339947968721	1.00139896373057002421
194	969856.588002	9697.611115	1.000000	0.00000001990702003241	1.00190721649484526523
195	974855.835229	9747.903493	1.000000	0.00000001641456037760	1.00261538461538468603
196	979854.673038	9798.156804	1.000000	0.00000000267755240202	1.00071428571428566734
197	984853.457986	9848.129657	1.000000	0.00000002514570951462	1.00121827411167507726
198	989851.996742	9898.444979	1.000000	0.00000003050081431866	1.00191919191919187604
199	994851.061996	9947.515868	1.000000	0.00000002339947968721	1.00241206030150764583
200	999850.291286	9997.718092	1.000000	0.00000003282912075520	1.00489999999999990443
201	1004849.555868	10047.510803	1.000000	0.00000004633329808712	1.00263681592039799462
202	1009849.031339	10097.775471	1.000000	0.00000003958120942116	1.00039603960396039639
203	1014848.740129	10146.732966	1.000000	0.00000003178138285875	1.00128078817734000872
204	1019848.810686	10197.253439	1.000000	0.00000003457535058260	1.00176470588235289050
205	1024847.972493	10248.369742	1.000000	0.00000003469176590443	1.00243902439024390461
206	1029846.863794	10297.763791	1.000000	0.00000003352761268616	1.00024271844660184172
207	1034846.038378	10348.145440	1.000000	0.00000003690365701914	1.00570048309178750046
208	1039844.608424	10398.561068	1.000000	0.00000002223532646894	1.00086538461538454570
209	1044843.056416	10448.375573	1.000000	0.00000001781154423952	1.00210526315789483220
210	1049841.557036	10498.310587	1.000000	0.00000002305023372173	1.00033333333333329662
211	1054840.340054	10548.123450	1.000000	0.00000001466833055019	1.00270142180094778972
212	1059838.677321	10599.051714	1.000000	0.00000001536682248116	1.00056603773584895656
213	1064836.281403	10649.267752	1.000000	0.00000000931322574615	1.00122065727699527393
214	1069834.265990	10698.932601	1.000000	0.00000000838190317154	1.00205607476635516484
215	1074832.279383	10749.007731	1.000000	0.00000000675208866596	1.00013953488372098199
216	1079830.133923	10798.976275	1.000000	0.00000000535510480404	1.00060185185185179790
217	1084829.005172	10847.460246	1.000000	0.00000000116415321827	1.00124423963133635240
218	1089828.476541	10897.100081	1.000000	0.00000000372529029846	1.00169724770642210032
219	1094827.965287	10947.919721	1.000000	0.00000000745058059692	1.00000000000000000000
220	1099826.869926	10997.613841	1.000000	0.00000000814907252789	1.00045454545454548523
221	1104825.870510	11047.798797	1.000000	0.00000000000000000000	1.00289592760180990005
222	1109824.584870	11098.030887	1.000000	0.00000000023283064365	1.00103603603603596994
223	1114823.527457	11147.710382	1.000000	0.00000000605359673500	1.00183856502242152331
224	1119822.430588	11198.449275	1.000000	0.00000000209547579288	1.00227678571428580057
225	1124820.625071	11248.461216	1.000000	0.00000001559965312481	1.00026666666666663730
226	1129818.705971	11298.931989	1.000000	0.00000001559965312481	1.00088495575221236855
227	1134816.396490	11349.333896	1.000000	0.00000001885928213596	1.00132158590308373292
228	1139813.842437	11399.433360	1.000000	0.00000000279396772385	1.00644736842105264607
229	1144811.327562	11448.878201	1.000000	0.00000000139698386192	1.00205240174672494113
230	1149809.106690	11498.995988	1.000000	0.00000000046566128731	1.00026086956521731430
231	1154807.335194	11548.318316	1.000000	0.00000001303851604462	1.00584415584415576284
232	1159806.050967	11598.175492	1.000000	0.00000001909211277962	1.00150862068965507135
233	1164804.279985	11648.902719	1.000000	0.00000001955777406693	1.00227467811158788003
234	1169801.939434	11699.024311	1.000000	0.00000002048909664154	1.00440170940170947489
235	1174799.629230	11748.956207	1.000000	0.00000002630986273289	1.00012765957446814191
236	1179797.357168	11799.268491	1.000000	0.00000002654269337654	1.00072033898305079447
237	1184795.347645	11848.153445	1.000000	0.00000003422610461712	1.00147679324894522956
238	1189794.480330	11897.070019	1.000000	0.00000004027970135212	1.00205882352941166857
239	1194793.896288	11946.689309	1.000000	0.00000003958120942116	1.00033472803347289748
240	1199793.126985	11997.586339	1.000000	0.00000004004687070847	1.00075000000000002842
241	1204792.029056	12047.180464	1.000000	0.00000004237517714500	1.00298755186721999522
242	1209791.415347	12096.624513	1.000000	0.00000003748573362827	1.00144628099173549352
243	1214790.476198	12147.999746	1.000000	0.00000004237517714500	1.00218106995884781441
244	1219789.008707	12198.100054	1.000000	0.00000004004687070847	1.00049180327868847407
245	1224787.185039	12248.551770	1.000000	0.00000004260800778866	1.00493877551020416306
246	1229785.333149	12298.558249	1.000000	0.00000004796311259270	1.00085365853658525559
247	1234783.454040	12348.234483	1.000000	0.00000005192123353481	1.00157894736842112415
248	1239781.718765	12397.747200	1.000000	0.00000004027970135212	1.00197580645161288260
249	1244780.300193	12447.887988	1.000000	0.00000004214234650135	1.00016064257028114426
250	1249778.415313	12498.879055	1.000000	0.00000002956949174404	1.00103999999999992987
251	1254776.319112	12548.198129	1.000000	0.00000002747401595116	1.00143426294820714340
252	1259774.529765	12598.455211	1.000000	0.00000002607703208923	1.00357142857142855874
253	1264772.406401	12648.668965	1.000000	0.00000003026798367500	1.00177865612648231419
254	1269770.095353	12699.200859	1.000000	0.00000002863816916943	1.00015748031496065629
255	1274767.243704	12749.977433	1.000000	0.00000003236345946789	1.00211764705882355742
256	1279764.071741	12800.225763	1.000000	0.00000002514570951462	1.00035156249999990230
257	1284760.789619	12850.122920	1.000000	0.00000002491287887096	1.00089494163424119755
258	1289757.528910	12899.825259	1.000000	0.00000002747401595116	1.00127906976744185386
259	1294754.602050	12949.280924	1.000000	0.00000003399327397346	1.00320463320463315604
260	1299751.741988	12999.517346	1.000000	0.00000002840533852577	1.00146153846153840306
261	1304749.067415	13048.395563	1.000000	0.00000002514570951462	1.00183908045977010381
262	1309747.295976	13097.652928	1.000000	0.00000002584420144558	1.00011450381679378729
263	1314746.184728	13146.881985	1.000000	0.00000000302679836750	1.00079847908745245277
264	1319745.182007	13197.411828	1.000000	0.00000001234002411366	1.00117424242424246650
265	1324743.741555	13247.737364	1.000000	0.00000001280568540096	1.00154716981132074771
266	1329741.986918	13297.624833	1.000000	0.00000001327134668827	1.00191729323308265087
267	1334740.287636	13348.352759	1.000000	0.00000001117587089539	1.00022471910112353832
268	1339738.204400	13398.611917	1.000000	0.00000002863816916943	1.00208955223880602503
269	1344736.203023	13448.336910	1.000000	0.00000003352761268616	1.00085501858736058978
270	1349734.090196	13498.830773	1.000000	0.00000000954605638981	1.00137037037037046616
271	1354731.856775	13548.578436	1.000000	0.00000000302679836750	1.00523985239852398088
272	1359729.301778	13599.252910	1.000000	0.00000000558793544769	1.00154411764705875143
273	1364726.765025	13648.867518	1.000000	0.00000000209547579288	1.00336996336996331358
274	1369724.471855	13698.834583	1.000000	0.00000000605359673500	1.00518248175182489668
275	1374722.325593	13748.063138	1.000000	0.00000000814907252789	1.00152727272727282148
276	1379720.573259	13797.695651	1.000000	0.00000000442378222942	1.00188405797101443007
277	1384718.987072	13848.044750	1.000000	0.00000000209547579288	1.00025270758122752923
278	1389717.045953	13898.490316	1.000000	0.00000000139698386192	1.00061151079136689823
279	1394714.420936	13949.399112	1.000000	0.00000000814907252789	1.00125448028673824652
280	1399711.734232	13998.882201	1.000000	0.00000000116415321827	1.00174999999999991829
281	1404709.261267	14048.567462	1.000000	0.00000000931322574615	1.00042704626334510998
282	1409707.058595	14098.140445	1.000000	0.00000001350417733192	1.00078014184397168229
283	1414704.840961	14148.693258	1.000000	0.00000003329478204250	1.00155477031802120358
284	1419702.509586	14198.759944	1.000000	0.00000003166496753693	1.00330985915492965077
285	1424700.100713	14248.815856	1.000000	0.00000000279396772385	1.00171929824561400935
286	1429697.328245	14299.363176	1.000000	0.00000000023283064365	1.00013986013986011514
287	1434694.560963	14349.280493	1.000000	0.00000000651925802231	1.00188153310104532956
288	1439691.653425	14399.881510	1.000000	0.00000000372529029846	1.00059027777777775903
289	1444688.580390	14449.505714	1.000000	0.00000002444721758366	1.00134948096885811886
290	1449685.862194	14498.808462	1.000000	0.00000003492459654808	1.00320689655172423649
291	1454683.396011	14548.968809	1.000000	0.00000002398155629635	1.00164948453608237955
292	1459680.667986	14599.551596	1.000000	0.00000002211891114712	1.00010273972602736769
293	1464677.993823	14648.894779	1.000000	0.00000001210719347000	1.00180887372013649461
294	1469675.420212	14699.199069	1.000000	0.00000001024454832077	1.00040816326530612734
295	1474672.899421	14748.738822	1.000000	0.00000000954605638981	1.00396610169491529163
296	1479670.202399	14799.426918	1.000000	0.00000000838190317154	1.00057432432432436009
297	1484667.047740	14850.000478	1.000000	0.00000000139698386192	1.00410774410774417120
298	1489663.652096	14900.366613	1.000000	0.00000001979060471058	1.00073825503355706701
299	1494659.866820	14950.588825	1.000000	0.00000002887099981308	1.00451505016722397734
300	1499656.395612	15000.063971	1.000000	0.00000003329478204250	1.00116666666666676022
301	1504652.703041	15050.412137	1.000000	0.00000005215406417847	1.00162790697674419782
302	1509648.931402	15100.574469	1.000000	0.00000003678724169731	1.00013245033112574411
303	1514644.997090	15150.680161	1.000000	0.00000003422610461712	1.00059405940594059459
304	1519641.293807	15200.363032	1.000000	0.00000005122274160385	1.00105263157894741610
305	1524637.509824	15250.465223	1.000000	0.00000005192123353481	1.00177049180327859546
306	1529634.145594	15299.466347	1.000000	0.00000005913898348808	1.00042483660130709922
307	1534631.389989	15348.613692	1.000000	0.00000005890615284443	1.00218241042345268532
308	1539629.165803	15397.551458	1.000000	0.00000006007030606270	1.00084415584415586942
309	1544627.309535	15447.382907	1.000000	0.00000006961636245251	1.00003236245954685302
310	1549625.605595	15497.465858	1.000000	0.00000008731149137020	1.00048387096774193949
311	1554623.930519	15547.119142	1.000000	0.00000008032657206059	1.00080385852090025800
312	1559622.140844	15597.426210	1.000000	0.00000007660128176212	1.00112179487179497883
313	1564619.869113	15648.893501	1.000000	0.00000008847564458847	1.00143769968051121744
314	1569617.547139	15697.945240	1.000000	0.00000007357448339462	1.00012738853503191372
315	1574615.413103	15747.873899	1.000000	0.00000009383074939251	1.00044444444444446951
316	1579613.264162	15797.902407	1.000000	0.00000010803341865540	1.00088607594936718215
317	1584611.165578	15847.741424	1.000000	0.00000012083910405636	1.00246056782334380664
318	1589609.122309	15897.486003	1.000000	0.00000009895302355289	1.00103773584905653138
319	1594607.174552	15947.686511	1.000000	0.00000009406358003616	1.00037617554858937474
320	1599604.676475	15998.776556	1.000000	0.00000009103678166866	1.00081250000000010481
321	1604601.786827	16049.512762	1.000000	0.00000009150244295597	1.00149532710280375625
322	1609598.483391	16100.159875	1.000000	0.00000009872019290924	1.00021739130434772491
323	1614594.775618	16150.577922	1.000000	0.00000011152587831020	1.00065015479876162630
324	1619590.757199	16200.932861	1.000000	0.00000012316741049290	1.00132716049382719525
325	1624586.684831	16250.526999	1.000000	0.00000011967495083809	1.00006153846153855724
326	1629582.835281	16300.198406	1.000000	0.00000011920928955078	1.00171779141104289046
327	1634579.141993	16350.586592	1.000000	0.00000014132820069790	1.00045871559633026138
328	1639575.195821	16401.207360	1.000000	0.00000013550743460655	1.00222560975609753520
329	1644570.567872	16451.916402	1.000000	0.00000012456439435482	1.00373860182370822081
330	1649565.790794	16502.068712	1.000000	0.00000012991949915886	1.00069696969696964040
331	1654560.972780	16552.345682	1.000000	0.00000013224780559540	1.00148036253776440141
332	1659556.159260	16601.767253	1.000000	0.00000014016404747963	1.00024096385542171639
333	1664551.423871	16652.405234	1.000000	0.00000014109537005424	1.00078078078078069879
334	1669546.246372	16702.483508	1.000000	0.00000013178214430809	1.00392215568862286368
335	1674541.287056	16752.113716	1.000000	0.00000012340024113655	1.00092537313432838886
336	1679536.667438	16800.661883	1.000000	0.00000014179386198521	1.00122023809523819082
337	1684532.551464	16850.915818	1.000000	0.00000013993121683598	1.00151335311572697861
338	1689528.466812	16900.589853	1.000000	0.00000013061799108982	1.00029585798816578190
339	1694524.277353	16950.823044	1.000000	0.00000011944212019444	1.00058997050147491237
340	1699520.281505	17000.432948	1.000000	0.00000012340024113655	1.00088235294117655627
341	1704516.565052	17049.835605	1.000000	0.00000012805685400963	1.00129032258064509797
342	1709513.000376	17098.609721	1.000000	0.00000013201497495174	1.00008771929824558100
343	1714510.403351	17147.993695	1.000000	0.00000012270174920559	1.00349854227405255180
344	1719507.843298	17198.503135	1.000000	0.00000011431984603405	1.00058139534883716593
345	1724505.240962	17247.687056	1.000000	0.00000012130476534367	1.00110144927536226511
346	1729502.857933	17297.518222	1.000000	0.00000013154931366444	1.00150289017341043163
347	1734500.413504	17347.928786	1.000000	0.00000010570511221886	1.00031700288184444148
348	1739498.052588	17397.630165	1.000000	0.00000009289942681789	1.00060344827586211736
349	1744495.967297	17447.079318	1.000000	0.00000008172355592251	1.00111747851002874654
350	1749493.838005	17497.303016	1.000000	0.00000008009374141693	1.00140000000000006786
351	1754491.714308	17547.501775	1.000000	0.00000006635673344135	1.00011396011396014316
352	1759489.435559	17597.263987	1.000000	0.00000005890615284443	1.00051136363636361537
353	1764487.427282	17646.793924	1.000000	0.00000004540197551250	1.00079320113314440555
354	1769485.385031	17696.763501	1.000000	0.00000005541369318962	1.00409604519774009468
355	1774483.472228	17746.869363	1.000000	0.00000005541369318962	1.00126760563380279301
356	1779481.471053	17796.959344	1.000000	0.00000005820766091347	1.00011235955056188018
357	1784479.444401	17847.289065	1.000000	0.00000005564652383327	1.00095238095238103782
358	1789477.250063	17897.417119	1.000000	0.00000004284083843231	1.00410614525139663122
359	1794474.891232	17947.728535	1.000000	0.00000003143213689327	1.00130919220055703001
360	1799472.024883	17998.814979	1.000000	0.00000003585591912270	1.00280555555555550562
